13504
10892
8826
9541
9748
3473
7825
8570
13041
3162
16275
2532
8909
10237
5118
7978
8831
4792
-1
5816
6173
3433
7393
8929
12752
24572
8046
4525
4810
10668
4272
6377
3494
5661
3747
2991
9501
5531
18022
8728
2404
5683
6935
4629
2904
-1
6739
23685
4673
6210
3250
3188
4865
7953
20354
10038
21984
5925
3254
23258
15111
11488
5796
3392
4313
9171
8411
7811
8399
7485
7840
1492
3865
7262
2678
23003
24630
14267
8676
4117
6007
5498
-1
5309
6201
4534
4927
2087
10633
4509
2751
11792
4401
7557
8381
3444
7064
9121
4188
2233
